10 10
19519 30858 23757 29558 18489 22608 28069 19429 33211 23360 
16766 31706 25156 24367 20445 28022 27476 22292 30834 24776 
16131 26858 22940 22102 15636 20474 17482 18651 23461 18813 
22076 37207 33517 34945 24230 31490 34567 23212 41152 33575 
33962 51313 41382 38313 34571 45565 46602 35727 51660 41401 
22233 35432 23901 22920 21975 29295 31481 26995 31269 23920 
23024 34640 25553 26266 23288 30952 33369 21270 33026 32534 
25944 38820 30493 29748 26939 38592 37934 26772 40216 29815 
26420 40244 33650 30113 26446 35546 37505 30840 37618 31929 
17326 20512 18736 16133 15183 16514 16450 18677 20430 14329 
